(539 ,233)
(380 ,82)

(481 ,200), (366 ,84), (378 ,105), (376 ,137), (337 ,164), (281 ,180), (225 ,184), (170 ,182), (154 ,265), (226 ,269), (322 ,262), (393 ,243) , (476 ,194)

(142 ,188)

#Camera 100

[(443, 351), (330, 6)]

[(443, 351), (330, 6), (318, 5), (262, 348)]

(352, 356)

#Camera 101

[(566, 267), (292, 18)]

[(481, 200), (415, 127), (366, 81), (378, 119), (366, 149), (269, 180), (195, 180), (190, 276), (332, 264), (409, 243), (450, 208)]

(150, 204)

#Camera 102

[(445, 324), (356, 12)]

[(432, 327), (350, 13), (338, 9), (268, 316) ] 

(350, 352)

